Test Acc:0.99317807
Test Loss:0.02078298581064775
Confusion Matrix
ENTRIES['apple', 'lemon', 'orange', 'pear']
array([[1467,  240,  111,  665],
       [ 224,   43,   16,  113],
       [ 109,   20,    9,   54],
       [ 692,   97,   56,  335]], dtype=int64)
Classification Report
'              precision    recall  f1-score   support\n\n       apple       0.59      0.59      0.59      2483\n       lemon       0.11      0.11      0.11       396\n      orange       0.05      0.05      0.05       192\n        pear       0.29      0.28      0.29      1180\n\n    accuracy                           0.44      4251\n   macro avg       0.26      0.26      0.26      4251\nweighted avg       0.44      0.44      0.44      4251\n'
Training Acc:[0.97142005, 0.9987099, 0.9974199, 0.998313, 0.9994046, 0.9970229, 0.9991069, 0.9998015, 1.0, 1.0, 1.0, 1.0, 1.0, 0.99960303, 0.99513745, 0.99930537, 0.9998015, 1.0]
Training Loss:[0.08571594883057024, 0.00405924019091813, 0.007353461233631614, 0.005265534764797014, 0.00161282005311197, 0.007851635446949747, 0.003755794118144485, 0.0007130409257176942, 6.386271286131253e-05, 4.544680503452436e-05, 4.102665429942596e-05, 2.7236980128745937e-05, 9.026226909912629e-06, 0.001097065957981606, 0.01911667695998102, 0.0031305002794109384, 0.0012910182383398937, 2.4681499165047685e-05]
Validation Acc:[0.7981469, 0.66578424, 0.25512904, 0.7131039, 0.77035075, 0.8107214, 0.8312376, 0.9166115, 0.86962277, 0.9493713, 0.9487095, 0.96260756, 0.97121114, 0.9549967, 0.9619457, 0.99801457, 0.99867636, 0.9993382]
Validation Loss:[0.5544176809489727, 1.1988307361801465, 6.200142641862233, 0.9935158671190342, 0.8987979330122471, 0.6641908772289753, 0.5040940511971712, 0.23057628376409411, 0.3769768034107983, 0.16619747875180715, 0.17572422376057753, 0.13095931146502457, 0.09217214878663071, 0.16045651460687319, 0.3793267313304464, 0.006652039967093515, 0.003766434088220194, 0.0028772301997814034]
