Test Acc:0.9840038
Test Loss:0.14935256663098265
Confusion Matrix
ENTRIES['apple', 'lemon', 'orange', 'pear']
array([[1466,  233,  122,  662],
       [ 230,   41,   22,  103],
       [ 115,   14,    8,   55],
       [ 707,  109,   40,  324]], dtype=int64)
Classification Report
'              precision    recall  f1-score   support\n\n       apple       0.58      0.59      0.59      2483\n       lemon       0.10      0.10      0.10       396\n      orange       0.04      0.04      0.04       192\n        pear       0.28      0.27      0.28      1180\n\n    accuracy                           0.43      4251\n   macro avg       0.25      0.25      0.25      4251\nweighted avg       0.43      0.43      0.43      4251\n'
Training Acc:[0.9715193, 0.9952367, 0.9956336, 0.99791604, 0.9970229, 0.9952367, 0.99771756, 0.9970229, 0.99424434, 0.9961298, 0.99642754, 0.99841225, 0.99662596, 0.99791604, 0.9974199, 0.99712217, 0.9987099, 0.9981145]
Training Loss:[5.80382051048646, 0.6134721065213475, 0.2961180016015439, 0.1826533990991344, 0.15045266385895636, 0.1463395940875373, 0.13032877882924998, 0.12545658060810425, 0.1358501222119559, 0.12846552902144834, 0.12598433926771047, 0.1149777493505141, 0.11626926706999413, 0.11110453443967529, 0.11096015965964003, 0.11758107742206131, 0.10817612704805311, 0.10719059936061222]
Validation Acc:[0.57213765, 0.7157512, 0.836863, 0.829914, 0.5635341, 0.8256122, 0.74818003, 0.8309067, 0.8451357, 0.86962277, 0.9063534, 0.9592985, 0.9768365, 0.9745202, 0.985771, 0.9940437, 0.99702185, 0.99768364]
Validation Loss:[1.974351905286312, 0.9806166589260101, 0.686282558987538, 0.6027009456108013, 1.3482975115378697, 0.6104490452756485, 0.7755416594445705, 0.6353947954873244, 0.5314705614000559, 0.46253381731609505, 0.3567248334487279, 0.20872030841807523, 0.17056047838802138, 0.1878022376137475, 0.15247408812865615, 0.1237346298682193, 0.11427101741234462, 0.10934235450501244]
