Test Acc:0.9896495
Test Loss:0.12720064551972632
Confusion Matrix
ENTRIES['apple', 'lemon', 'orange', 'pear']
array([[1467,  237,  113,  666],
       [ 227,   37,   18,  114],
       [ 113,   12,    8,   59],
       [ 707,  111,   53,  309]], dtype=int64)
Classification Report
'              precision    recall  f1-score   support\n\n       apple       0.58      0.59      0.59      2483\n       lemon       0.09      0.09      0.09       396\n      orange       0.04      0.04      0.04       192\n        pear       0.27      0.26      0.27      1180\n\n    accuracy                           0.43      4251\n   macro avg       0.25      0.25      0.25      4251\nweighted avg       0.43      0.43      0.43      4251\n'
Training Acc:[0.97013, 0.99354964, 0.99712217, 0.9981145, 0.9965267, 0.99464124, 0.9965267, 0.9987099, 0.9980153, 0.9975191, 0.99712217, 0.9948397, 0.9959313, 0.99662596, 0.9956336, 0.99841225, 0.9970229, 0.99771756]
Training Loss:[6.0083868116261625, 0.6521769049173075, 0.2879124931208113, 0.1857389703657675, 0.15679999289264682, 0.15652604933897984, 0.14065947147858715, 0.12255389924541261, 0.11573599013494833, 0.11452867027856037, 0.11835317599805348, 0.12685273946295705, 0.1332064016757355, 0.11852470162316567, 0.12596422417069564, 0.10965439204932134, 0.1123287756396355, 0.11171292749983906]
Validation Acc:[0.77465254, 0.73229647, 0.723362, 0.79351425, 0.70218396, 0.8176704, 0.815685, 0.8778954, 0.9262078, 0.9195897, 0.8851754, 0.9602912, 0.95698214, 0.9636003, 0.9947055, 0.9920582, 0.99636, 0.99768364]
Validation Loss:[1.6545824905236561, 1.1185404335459073, 0.8885865472257137, 0.7859856002032757, 0.8715616911649704, 0.6391176066050926, 0.6626965515315533, 0.4050679908444484, 0.3087366260588169, 0.31425920873880386, 0.41257672291249037, 0.22296952394147715, 0.23488074137518802, 0.2128958497196436, 0.12422276226182778, 0.12168992108975847, 0.12119805564483006, 0.10836127648750941]
