Test Acc:0.99176663
Test Loss:0.12741522335294467
Confusion Matrix
ENTRIES['apple', 'lemon', 'orange', 'pear']
array([[1477,  221,  120,  665],
       [ 218,   33,   15,  130],
       [ 125,   18,    7,   42],
       [ 679,  126,   50,  325]], dtype=int64)
Classification Report
'              precision    recall  f1-score   support\n\n       apple       0.59      0.59      0.59      2483\n       lemon       0.08      0.08      0.08       396\n      orange       0.04      0.04      0.04       192\n        pear       0.28      0.28      0.28      1180\n\n    accuracy                           0.43      4251\n   macro avg       0.25      0.25      0.25      4251\nweighted avg       0.43      0.43      0.43      4251\n'
Training Acc:[0.96695447, 0.9927558, 0.99682444, 0.99682444, 0.9975191, 0.99642754, 0.9965267, 0.9952367, 0.9972214, 0.99821377, 0.99771756, 0.99493897, 0.9975191, 0.99791604, 0.9972214, 0.99682444, 0.99622905, 0.99732065]
Training Loss:[5.952185172226454, 0.6786567695831465, 0.29919012145081886, 0.20379454534217292, 0.15895001923705515, 0.15001834369881636, 0.1324005167795645, 0.1467950096575883, 0.12409946960882735, 0.11569438602709162, 0.11411536932790091, 0.1279164947169374, 0.12102121611288336, 0.11209272955326827, 0.11562087140416205, 0.11843052716426485, 0.1231270852860352, 0.1149644023758487]
Validation Acc:[0.73659825, 0.6753805, 0.6532098, 0.7690271, 0.88418263, 0.8477829, 0.73064196, 0.7806089, 0.9209133, 0.9262078, 0.9205824, 0.9301787, 0.9298478, 0.9900728, 0.9841165, 0.9861019, 0.99801457, 0.9990073]
Validation Loss:[1.7851354281107585, 1.0603544240196545, 0.9104518629610538, 0.8030776828527451, 0.45824937832852203, 0.5046257165571054, 0.8239474929869175, 0.7085531229774157, 0.3256883726765712, 0.30552952612439793, 0.3313189260661602, 0.3100265245884657, 0.2828944480667512, 0.13686225951338807, 0.15123953049381575, 0.14008112251758575, 0.12034539490317304, 0.10340014658868313]
