Test Acc:0.58409786
Test Loss:1.0320001627082256
Confusion Matrix
ENTRIES['apple', 'lemon', 'orange', 'pear']
array([[2483,    0,    0,    0],
       [ 396,    0,    0,    0],
       [ 192,    0,    0,    0],
       [1180,    0,    0,    0]], dtype=int64)
Classification Report
'              precision    recall  f1-score   support\n\n       apple       0.58      1.00      0.74      2483\n       lemon       0.00      0.00      0.00       396\n      orange       0.00      0.00      0.00       192\n        pear       0.00      0.00      0.00      1180\n\n    accuracy                           0.58      4251\n   macro avg       0.15      0.25      0.18      4251\nweighted avg       0.34      0.58      0.43      4251\n'
Training Acc:[0.5934306, 0.5934306, 0.5934306, 0.5934306, 0.5934306, 0.5934306, 0.5934306, 0.5934306, 0.5934306, 0.5934306, 0.5934306, 0.5934306, 0.5934306, 0.5934306, 0.5934306, 0.5934306, 0.5934306, 0.5934306]
Training Loss:[1.3351226410033437, 1.2480424770798324, 1.1819386588589025, 1.1334086301438662, 1.0986491905101485, 1.0742235861565606, 1.0573614261163846, 1.0458345955724433, 1.03788761682923, 1.0324343730736858, 1.0287199777968643, 1.0261287504072, 1.02430551648554, 1.0230309210907695, 1.0220998366094125, 1.0214374349315312, 1.0209744570510095, 1.0206368830015442]
Validation Acc:[0.5936466, 0.5936466, 0.5936466, 0.5936466, 0.5936466, 0.5936466, 0.5936466, 0.5936466, 0.5936466, 0.5936466, 0.5936466, 0.5936466, 0.5936466, 0.5936466, 0.5936466, 0.5936466, 0.5936466, 0.5936466]
Validation Loss:[1.287963444987933, 1.210300197203954, 1.1550886183977127, 1.113809439043204, 1.082158412784338, 1.066145581503709, 1.04573334629337, 1.0412662277619045, 1.0374105833470821, 1.0275385851661365, 1.0260788711408775, 1.0280836932361126, 1.0253810944656532, 1.0221608641246955, 1.021910800288121, 1.0244203892846901, 1.0212873878578346, 1.0193590049942334]
