Test Acc:0.8320251
Test Loss:0.8744470576120614

Confusion Matrix
ENTRIES['Apple Braeburn', 'Avocado', 'Banana', 'Lemon']
array([[140,   0,   0,  24],
       [  0,  64,   0,  79],
       [  4,   0, 162,   0],
       [  0,   0,   0, 164]], dtype=int64)


Classification Report
'                precision    recall  f1-score   support

Apple Braeburn       0.97      0.85      0.91       164
       Avocado       1.00      0.45      0.62       143
        Banana       1.00      0.98      0.99       166
         Lemon       0.61      1.00      0.76       164
      accuracy                           0.83       637
     macro avg       0.90      0.82      0.82       637
  weighted avg       0.89      0.83      0.83       637

Training Acc:[0.971135, 1.0, 0.98483366, 0.9985323, 1.0, 0.99804306, 0.99951077, 1.0, 1.0, 1.0, 1.0, 1.0, 1.0, 1.0, 1.0, 1.0, 1.0, 1.0, 1.0, 1.0]
Training Loss:[0.06486776649251325, 0.000263631247837885, 0.08602838775562138, 0.00338020035582599, 1.0591186489484107e-05, 0.007449318099570438, 0.0023628557513982146, 4.9109519441989415e-05, 1.3204021117711703e-07, 7.295924048325471e-07, 1.2676196268000226e-07, 5.503644306076838e-07, 2.7087169796933747e-06, 2.295369699678302e-07, 1.37726644367062e-07, 0.0002883754947793981, 0.00025847619819946747, 1.1932594734705487e-07, 1.1920930376163597e-07, 9.9295462982808e-05]
Validation Acc:[0.35947713, 0.88235295, 0.70261437, 0.65522873, 0.6846405, 0.7745098, 0.71568626, 0.7091503, 0.7124183, 0.71568626, 0.7222222, 0.72875816, 0.74019605, 0.746732, 0.7663399, 0.6813725, 0.90849674, 0.9281046, 0.9346405, 0.91993463]
Validation Loss:[4.230491495132446, 0.42321856021881105, 2.8017890810966493, 4.747376585006714, 4.545142865180969, 1.0942970395088196, 3.015714180469513, 3.2736398339271546, 3.250797963142395, 3.001951885223389, 2.869455575942993, 2.6427260279655456, 2.409725916385651, 2.1845447182655335, 2.045459878444672, 3.014825236797333, 0.5666758060455322, 0.3690955400466919, 0.3144910015165806, 0.4090569518506527]
