Test Acc:0.25745684
Test Loss:480.1780736135725

Confusion Matrix
ENTRIES['Apple Braeburn', 'Avocado', 'Banana', 'Lemon']
array([[164,   0,   0,   0],
       [143,   0,   0,   0],
       [166,   0,   0,   0],
       [164,   0,   0,   0]], dtype=int64)

Classification Report
'                precision    recall  f1-score   support

Apple Braeburn       0.26      1.00      0.41       164
       Avocado       0.00      0.00      0.00       143
        Banana       0.00      0.00      0.00       166
         Lemon       0.00      0.00      0.00       164
      accuracy                           0.26       637
     macro avg       0.06      0.25      0.10       637
  weighted avg       0.07      0.26      0.11       637


Training Acc:[0.24363992, 0.2407045, 0.24021526, 0.23874755, 0.24217221, 0.23776908, 0.24217221, 0.24363992, 0.24266145, 0.23874755, 0.2446184, 0.23825832, 0.24217221, 0.24266145, 0.24217221, 0.24804305, 0.24510764, 0.23825832, 0.2446184, 0.24657534]
Training Loss:[1798.9253498234161, 1701.7262039333873, 1608.1742022191474, 1518.392219080617, 1432.071807204394, 1349.6290710807546, 1270.3731863839287, 1194.5139002492049, 1121.915462605874, 1052.373878673098, 985.7951342438998, 922.1449103607357, 861.139187747485, 802.7551453472817, 747.0758454384403, 693.5837493120108, 642.6653100777046, 594.0626166953966, 547.2643227175957, 502.66496315674306]
Validation Acc:[0.24019608, 0.24019608, 0.24019608, 0.24019608, 0.24019608, 0.24019608, 0.24019608, 0.24019608, 0.24019608, 0.24019608, 0.24019608, 0.24019608, 0.24019608, 0.24019608, 0.24019608, 0.24019608, 0.24019608, 0.24019608, 0.24019608, 0.24019608]
Validation Loss:[1748.174267578125, 1652.7377807617188, 1561.245654296875, 1473.239306640625, 1389.0120971679687, 1308.1740112304688, 1230.746630859375, 1156.5933227539062, 1085.6011840820313, 1017.5409790039063, 952.478515625, 890.204345703125, 830.7674438476563, 773.6896240234375, 719.1971069335938, 667.0102783203125, 617.2416870117188, 569.5754150390625, 524.0104125976562, 480.4297760009766]
