Test Acc:0.9591837
Test Loss:0.24305452101131436

Confusion Matrix
array([[143,   1,   0,  20],
       [  0, 138,   0,   5],
       [  0,   0, 166,   0],
       [  0,   0,   0, 164]], dtype=int64)
Classification Report
ENTRIES['Apple Braeburn', 'Avocado', 'Banana', 'Lemon']
'                precision    recall  f1-score   support
Apple Braeburn       1.00      0.87      0.93       164
       Avocado       0.99      0.97      0.98       143
        Banana       1.00      1.00      1.00       166
         Lemon       0.87      1.00      0.93       164
      accuracy                           0.96       637
     macro avg       0.97      0.96      0.96       637
  weighted avg       0.96      0.96      0.96       637
Training Acc:[0.96183956, 1.0, 1.0, 1.0, 1.0, 1.0, 1.0, 1.0, 1.0, 1.0, 1.0, 1.0, 1.0, 1.0, 1.0, 1.0, 1.0, 1.0, 0.9970646, 1.0]
Training Loss:[13.40673466251321, 5.51372295349778, 1.9610218773149464, 0.9076197156700836, 0.57663280669957, 0.42233589758145135, 0.3492808271994096, 0.26622767276959874, 0.21978553773838946, 0.1854100850521935, 0.16274855800570806, 0.1465265438864609, 0.13342249393463135, 0.12370926369193015, 0.11533691957155552, 0.11213310188276661, 0.10993582678051145, 0.10633408626698235, 0.12198730362779707, 0.1331055615162896]
Validation Acc:[0.63235295, 0.7124183, 0.70098037, 0.7075163, 0.85620916, 0.71732026, 0.6879085, 0.71405226, 0.7075163, 0.7124183, 0.89379084, 0.91993463, 0.8039216, 0.90522873, 0.8905229, 0.89379084, 0.88071895, 0.9738562, 1.0, 0.9754902]
Validation Loss:[9.883169555664063, 3.898888039588928, 1.9912096500396728, 1.3372291803359986, 0.8992604315280914, 0.953888761997223, 1.1285773634910583, 0.8046395063400269, 0.772715437412262, 0.7830651640892029, 0.4323332279920578, 0.370235338807106, 0.5341801106929779, 0.35606603026390077, 0.39242237210273745, 0.3652554154396057, 0.3509705483913422, 0.21615191102027892, 0.2319405421614647, 0.19757896959781646]
