Test Acc:0.9089482
Test Loss:0.3445729112349088

Confusion Matrix
array([[155,   0,   0,   9],
       [  1,  94,   0,  48],
       [  0,   0, 166,   0],
       [  0,   0,   0, 164]], dtype=int64)
Classification Report
ENTRIES['Apple Braeburn', 'Avocado', 'Banana', 'Lemon']'

                    precision    recall  f1-score   support

Apple Braeburn       0.99      0.95      0.97       164
Avocado             1.00      0.66      0.79       143\n
Banana       1.00      1.00      1.00       166\n
Lemon       0.74      1.00      0.85       164\n\n
accuracy                           0.91       637\n
macro avg       0.93      0.90      0.90       637\n
weighted avg       0.93      0.91      0.91       637\n

Training Acc:[0.95401174, 1.0, 1.0, 0.99951077, 1.0, 1.0, 1.0, 0.99804306, 0.99804306, 1.0, 1.0, 1.0, 1.0, 1.0, 1.0, 1.0, 1.0, 1.0, 1.0, 1.0]
Training Loss:[13.71956337034819, 6.0644818901315825, 2.3601665128233846, 1.1232339638319968, 0.6838530348704985, 0.4861793795093865, 0.37845895440844407, 0.36739279099406563, 0.2840613758377366, 0.22069048205000547, 0.1859390292382287, 0.16501441446302456, 0.14805317438278645, 0.13504664917748035, 0.13098132884432426, 0.12714653281374688, 0.11634837058892222, 0.10713312849256623, 0.10778013839880314, 0.11047428863855724]
Validation Acc:[0.66013074, 0.72875816, 0.7107843, 0.6993464, 0.7058824, 0.67320263, 0.5816994, 0.88235295, 0.7336601, 0.8088235, 0.7745098, 0.71405226, 0.8496732, 0.79738563, 0.7091503, 0.90522873, 0.90849674, 0.9558824, 0.84313726, 0.9035948]
Validation Loss:[10.870925998687744, 4.027564907073975, 2.1401109218597414, 1.6279247999191284, 1.256408429145813, 1.2637386918067932, 1.2793424010276795, 0.6300726711750031, 0.7663325607776642, 0.575340986251831, 0.6049777656793595, 0.733453807234764, 0.4473565936088562, 0.5163057059049606, 0.9663209795951844, 0.3671427220106125, 0.31323068141937255, 0.2554571896791458, 0.4175251364707947, 0.3222664147615433]