Test Acc:0.2244898
Test Loss:1.3919963230330679

Confusion Matrix
ENTRIES['Apple Braeburn', 'Avocado', 'Banana', 'Lemon']
array([[  0, 164,   0,   0],
       [  0, 143,   0,   0],
       [  0, 166,   0,   0],
       [  0, 164,   0,   0]], dtype=int64)

Classification Report
'                precision    recall  f1-score   support

Apple Braeburn       0.00      0.00      0.00       164
       Avocado       0.22      1.00      0.37       143
        Banana       0.00      0.00      0.00       166
         Lemon       0.00      0.00      0.00       164

      accuracy                           0.22       637
     macro avg       0.06      0.25      0.09       637
  weighted avg       0.05      0.22      0.08       637
Training Acc:[0.27348337, 0.27886498, 0.27886498, 0.27886498, 0.27886498, 0.27886498, 0.27886498, 0.27886498, 0.27886498, 0.27886498, 0.27886498, 0.27886498, 0.27886498, 0.27886498, 0.27886498, 0.27886498, 0.27886498, 0.27886498, 0.27886498, 0.27886498]
Training Loss:[1.3860668888763905, 1.3855527483087229, 1.3852192084150072, 1.384925368714006, 1.3847445405859304, 1.3846981259474782, 1.3844341564551725, 1.3844016774059975, 1.384320887567479, 1.3843498229980469, 1.3843006546483347, 1.384206526899991, 1.3842539791958206, 1.3842523431591325, 1.3841934721997107, 1.3841628202486878, 1.3842039665830579, 1.384200203908633, 1.3841795401097277, 1.3841716958585317]
Validation Acc:[0.27941176, 0.27941176, 0.27941176, 0.27941176, 0.27941176, 0.27941176, 0.27941176, 0.27941176, 0.27941176, 0.27941176, 0.27941176, 0.27941176, 0.27941176, 0.27941176, 0.27941176, 0.27941176, 0.27941176, 0.27941176, 0.27941176, 0.27941176]
Validation Loss:[1.3856310963630676, 1.3854740381240844, 1.3847328543663024, 1.3843711376190186, 1.3846026301383971, 1.3839280128479003, 1.384006094932556, 1.3838721752166747, 1.3844789743423462, 1.3845550417900085, 1.384490466117859, 1.3845749139785766, 1.3840963244438171, 1.384092926979065, 1.383274221420288, 1.3835838198661805, 1.3842533826828003, 1.3832444548606873, 1.3839047312736512, 1.3838831543922425]
