Test Acc:0.99670666
Test Loss:0.013295780432169713

Confusion Matrix
ENTRIES['apple', 'lemon', 'orange', 'pear']
array([[2475,    0,    0,    8],
       [   0,  396,    0,    0],
       [   0,    0,  192,    0],
       [   6,    0,    0, 1174]], dtype=int64)
Classification Report
              precision    recall  f1-score   support
       apple       1.00      1.00      1.00      2483
       lemon       1.00      1.00      1.00       396
      orange       1.00      1.00      1.00       192
        pear       0.99      0.99      0.99      1180
    accuracy                           1.00      4251
   macro avg       1.00      1.00      1.00      4251
weighted avg       1.00      1.00      1.00      4251

Training Acc:[0.96923685, 0.99662596, 0.9994046, 1.0, 1.0, 0.99821377, 0.99682444, 0.9980153, 0.99821377, 0.99851143, 1.0, 0.99990076, 1.0, 0.9997023, 0.9992061, 0.9987099, 0.99821377, 1.0, 1.0, 1.0]
Training Loss:[0.0938824202454125, 0.009363789874238701, 0.0020994224691708945, 0.00014812596504774602, 9.094375383224039e-05, 0.005183447002585457, 0.007440039271519236, 0.0076251602083670066, 0.007756661489603838, 0.004147484540096321, 0.00010706481372341644, 0.00017320549905384226, 8.019561200833029e-05, 0.0006523111450377487, 0.00220356778043597, 0.004170297447232403, 0.006417084273995073, 6.0439242472987674e-05, 6.705933312464691e-05, 6.5911911868836575e-06]
Validation Acc:[0.62144274, 0.71111846, 0.8603574, 0.854732, 0.8520847, 0.8712773, 0.6221046, 0.8815354, 0.904368, 0.9457313, 0.9672402, 0.87657183, 0.9735275, 0.98378557, 0.9414295, 0.9798147, 0.99702185, 0.9993382, 0.9993382, 0.9996691]
Validation Loss:[1.3046326637268066, 0.6813294688860575, 0.4143313057720661, 0.3876080550253391, 0.45473561094452936, 0.32266999563823145, 2.3734775533278785, 0.3710479064223667, 0.2876908186202248, 0.22830317579306816, 0.11828176601071998, 0.5557350016509494, 0.08940233822674297, 0.05376882080994013, 0.279550692687432, 0.05870696275390704, 0.007699924410147219, 0.0010730851339815217, 0.001052793168472436, 0.000343255490227475]
