Test Acc:0.9795342
Test Loss:0.18215071765731794
Confusion Matrix
ENTRIES['apple', 'lemon', 'orange', 'pear']
array([[2477,    0,    0,    6],
       [   0,  396,    0,    0],
       [   0,    0,  192,    0],
       [  76,    5,    0, 1099]], dtype=int64)

Classification Report
              precision    recall  f1-score   support
       apple       0.97      1.00      0.98      2483
       lemon       0.99      1.00      0.99       396
      orange       1.00      1.00      1.00       192
        pear       0.99      0.93      0.96      1180
    accuracy                           0.98      4251
   macro avg       0.99      0.98      0.98      4251
weighted avg       0.98      0.98      0.98      4251

Training Acc:[0.97161853, 0.994542, 0.9963283, 0.9950382, 0.9981145, 0.9970229, 0.99662596, 0.9970229, 0.9967252, 0.99771756, 0.9969237, 0.9986107, 0.99622905, 0.99791604, 0.9974199, 0.9954352, 0.9970229, 0.9974199, 0.9991069, 0.9954352]
Training Loss:[5.790780494950576, 0.6015949244535642, 0.28496163592542506, 0.2011497549589184, 0.14968983836858724, 0.14198035938382278, 0.14537621218882302, 0.129116703814471, 0.12307525846921961, 0.11789032369497171, 0.1215283555091699, 0.10851661897985025, 0.11811509211763475, 0.1168501789686142, 0.1125012044116028, 0.12096923098694158, 0.11604529679696972, 0.11098501393736929, 0.10532059134016958, 0.11716201773673589]
Validation Acc:[0.7293183, 0.7319656, 0.83322304, 0.7471873, 0.75612175, 0.7180675, 0.84480476, 0.9099934, 0.9212442, 0.9109861, 0.9497022, 0.93944407, 0.9705493, 0.9831238, 0.96790206, 0.99272007, 0.99702185, 0.9966909, 0.99801457, 1.0]
Validation Loss:[1.6505051106214523, 1.1393186648686726, 0.6629725359380245, 0.9259768836200237, 0.7539853646109501, 0.8816183445354303, 0.5272436427573363, 0.35099704191088676, 0.3100297360991438, 0.3284226668377717, 0.23571550815055767, 0.2665229144816597, 0.19733976386487484, 0.15114376554265618, 0.19657630721728006, 0.13071021173770228, 0.11790506200244029, 0.11408142109091084, 0.10263838044678171, 0.11320512214054664]
