Test Acc:0.9894143Test Loss:0.1415608455730421Confusion Matrix
ENTRIES['apple', 'lemon', 'orange', 'pear']
array([[2467,    1,    0,   15],
       [   0,  396,    0,    0],
       [   0,    0,  192,    0],
       [  28,    1,    0, 1151]], dtype=int64)
Classification Report
'              precision    recall  f1-score   support\n\n       apple       0.99      0.99      0.99      2483\n       lemon       0.99      1.00      1.00       396\n      orange       1.00      1.00      1.00       192\n        pear       0.99      0.98      0.98      1180\n\n    accuracy                           0.99      4251\n   macro avg       0.99      0.99      0.99      4251\nweighted avg       0.99      0.99      0.99      4251\n'
Training Acc:[0.9652674, 0.99493897, 0.99712217, 0.99771756, 0.9975191, 0.9970229, 0.9981145, 0.9974199, 0.99235886, 0.9970229, 0.9976183, 0.9978168, 0.99821377, 0.9969237, 0.99682444, 0.9967252, 0.9981145, 0.99771756, 0.99642754, 0.99791604]
Training Loss:[6.284918658090061, 0.7600535137780876, 0.33266435390109284, 0.20705259291676403, 0.15855156515454258, 0.14493596999639555, 0.1282534613736603, 0.12580246215327057, 0.1538318469698992, 0.12508786700897373, 0.1141683459858626, 0.11082687222929219, 0.11000759244612833, 0.11298834265071012, 0.11514844865470436, 0.11439732994288694, 0.10740518044701429, 0.11045814319370025, 0.11072016207131055, 0.1095014552575522]
Validation Acc:[0.5949702, 0.6542025, 0.73229647, 0.74818003, 0.6876241, 0.73924553, 0.812045, 0.81800133, 0.8457975, 0.88285905, 0.9103243, 0.98180014, 0.954004, 0.98544014, 0.9794838, 0.9851092, 0.99768364, 0.99801457, 0.9966909, 0.9990073]
Validation Loss:[2.183479448159536, 1.424288235604763, 0.8123981188982725, 0.7866823188960552, 0.9926173451046149, 0.911554587384065, 0.589744488398234, 0.541193887591362, 0.5018144982556502, 0.38263156171888113, 0.3255907663454612, 0.16426702868193388, 0.22915152305116257, 0.14938913534084955, 0.16270051104947925, 0.14325392401466766, 0.10997611827527483, 0.108853532311817, 0.10868443936730425, 0.11287629278376698]
