Test Acc:0.98800284
Test Loss:0.13963788190790413

Confusion Matrix
ENTRIES['apple', 'lemon', 'orange', 'pear']
array([[2475,    0,    0,    8],
       [   0,  396,    0,    0],
       [   0,    0,  192,    0],
       [  42,    1,    0, 1137]], dtype=int64)


Classification Report
              precision    recall  f1-score   support
       apple       0.98      1.00      0.99      2483
       lemon       1.00      1.00      1.00       396
      orange       1.00      1.00      1.00       192
        pear       0.99      0.96      0.98      1180
    accuracy                           0.99      4251
   macro avg       0.99      0.99      0.99      4251
weighted avg       0.99      0.99      0.99      4251


Training Acc:[0.9758857, 0.99404585, 0.99662596, 0.99771756, 0.99642754, 0.99553436, 0.9958321, 0.9980153, 0.99732065, 0.99841225, 0.9950382, 0.99841225, 0.9969237, 0.99821377, 0.99662596, 0.99771756, 0.9969237, 0.99682444, 0.9967252, 0.9970229]
Training Loss:[5.932888729108329, 0.6345565465041495, 0.2853603347983639, 0.18855209762027744, 0.15472887328359075, 0.14182191878524672, 0.14106968143422347, 0.12506371337713035, 0.11928267015124451, 0.11179610090772937, 0.12707369179391217, 0.11480086130809368, 0.1200504935778795, 0.11063795831393448, 0.12307019210250957, 0.11457704941591385, 0.11056462498329055, 0.11322708028353218, 0.11860192264487988, 0.1145130107344717]
Validation Acc:[0.6548643, 0.50132364, 0.71972203, 0.8239576, 0.78524154, 0.7600927, 0.801456, 0.8735936, 0.9159497, 0.87227005, 0.9142952, 0.9477168, 0.9688948, 0.97749835, 0.9904037, 0.99602914, 0.9947055, 0.9996691, 0.9983455, 1.0]
Validation Loss:[1.9029304037491481, 1.708251342177391, 0.8991695294777552, 0.6318147828181585, 0.6766089610755444, 0.8042623816678921, 0.702418165281415, 0.43732417312761146, 0.32525784987956285, 0.4468509778380394, 0.32880229658136767, 0.24667890214671692, 0.19909249727303782, 0.16839302703738213, 0.12869739749779305, 0.1139020542614162, 0.11820274917408824, 0.11388755046452086, 0.10447428716967504, 0.10779001486177246]
