Test Acc:0.58409786Test Loss:1.031241399516669Confusion Matrix
ENTRIES['apple', 'lemon', 'orange', 'pear']
array([[2483,    0,    0,    0],
       [ 396,    0,    0,    0],
       [ 192,    0,    0,    0],
       [1180,    0,    0,    0]], dtype=int64)
Classification Report
'              precision    recall  f1-score   support\n\n       apple       0.58      1.00      0.74      2483\n       lemon       0.00      0.00      0.00       396\n      orange       0.00      0.00      0.00       192\n        pear       0.00      0.00      0.00      1180\n\n    accuracy                           0.58      4251\n   macro avg       0.15      0.25      0.18      4251\nweighted avg       0.34      0.58      0.43      4251\n'
Training Acc:[0.5934306, 0.5934306, 0.5934306, 0.5934306, 0.5934306, 0.5934306, 0.5934306, 0.5934306, 0.5934306, 0.5934306, 0.5934306, 0.5934306, 0.5934306, 0.5934306, 0.5934306, 0.5934306, 0.5934306, 0.5934306, 0.5934306, 0.5934306]
Training Loss:[1.3357530574400156, 1.2489936489238855, 1.1826412638608126, 1.1338972133505116, 1.0990031093219992, 1.074490722616691, 1.0574823536368438, 1.0458149985802414, 1.0378920761285184, 1.0324818917395897, 1.0287245358575652, 1.0261233142530255, 1.024334126644053, 1.0230212381662824, 1.0221467325407514, 1.0214329862495233, 1.0209695318157597, 1.0206092860510132, 1.0203690615109156, 1.0201944061791104]
Validation Acc:[0.5936466, 0.5936466, 0.5936466, 0.5936466, 0.5936466, 0.5936466, 0.5936466, 0.5936466, 0.5936466, 0.5936466, 0.5936466, 0.5936466, 0.5936466, 0.5936466, 0.5936466, 0.5936466, 0.5936466, 0.5936466, 0.5936466, 0.5936466]
Validation Loss:[1.2891681318481762, 1.2128763521711032, 1.1541251416007678, 1.1135529081026714, 1.0804689166446526, 1.0641348113616307, 1.0563557744026184, 1.0421155678729217, 1.030785861114661, 1.030977920939525, 1.0290911545356114, 1.028181819866101, 1.02579024558266, 1.0244292517503102, 1.016427431255579, 1.024064414203167, 1.0172153574724991, 1.0219364402194817, 1.0191711870332558, 1.0258336054782073]
