Test Acc:0.979299
Test Loss:0.22019658170185544
Confusion Matrix
ENTRIES['apple', 'lemon', 'orange', 'pear']
array([[2469,    6,    0,    8],
       [   0,  396,    0,    0],
       [   0,    0,  192,    0],
       [  74,    0,    0, 1106]], dtype=int64)
Classification Report
'              precision    recall  f1-score   support\n\n       apple       0.97      0.99      0.98      2483\n       lemon       0.99      1.00      0.99       396\n      orange       1.00      1.00      1.00       192\n        pear       0.99      0.94      0.96      1180\n\n    accuracy                           0.98      4251\n   macro avg       0.99      0.98      0.98      4251\nweighted avg       0.98      0.98      0.98      4251\n'
Training Acc:[0.97011036, 0.9981397, 0.99875975, 1.0, 0.99863577, 0.9993799, 0.9993799, 1.0, 0.9995039, 0.9993799, 0.99751955, 0.99404687, 1.0, 0.9997519, 1.0, 1.0, 0.99987596, 0.9995039, 0.99925584, 0.9995039, 0.9988838, 0.99987596, 0.9995039, 0.99962795, 0.9993799, 0.99987596, 1.0, 1.0, 1.0, 1.0]
Training Loss:[0.09464020381775065, 0.007522892182003609, 0.003068476950953305, 0.0004504145124909, 0.003728286482280262, 0.002493771882731009, 0.003700788466100645, 0.00018875310534467263, 0.002082480532897772, 0.001505077587374843, 0.008180406369606447, 0.03627235917015305, 0.00028427213591855724, 0.0005016387579477656, 6.702670966716568e-05, 2.1836856253567733e-05, 0.0004684976531077562, 0.001330241134432703, 0.0031310140793929893, 0.0006733824773809084, 0.005365495737433503, 0.00013904563987437974, 0.0006278799299214894, 0.0018317226305329885, 0.0035664556893300315, 0.0003117680044361451, 3.2798987362241866e-05, 1.8021650012199376e-05, 8.489423683823399e-05, 3.326765338646667e-05]
Validation Acc:[0.3574975, 0.5099305, 0.37487587, 0.54121155, 0.46623635, 0.4955313, 0.5729891, 0.61966234, 0.5546177, 0.7249255, 0.57845086, 0.75968224, 0.6142006, 0.7358491, 0.67378354, 0.7437934, 0.73386294, 0.867428, 0.7567031, 0.88232374, 0.8083416, 0.8426018, 0.8495531, 0.8838133, 0.8853029, 0.87189674, 0.8862959, 0.89275074, 0.83763653, 0.89225423]
Validation Loss:[3.442498780786991, 1.2866124380379915, 4.209997206926346, 2.057505041360855, 3.6066547259688377, 2.614936299622059, 1.7708287090063095, 1.4645938128232956, 1.6732220277190208, 1.3970660753548145, 3.109714303165674, 1.22122791595757, 2.381237965077162, 1.3884920682758093, 1.868157982826233, 1.546514354646206, 1.5500086024403572, 1.1398605732247233, 1.3353203237056732, 1.0023842996452004, 1.5354119930416346, 1.2472630608826876, 1.4812440052628517, 1.2718263529241085, 1.082597253844142, 1.1230657690903172, 1.0865802727639675, 1.1386484308168292, 1.1554430099204183, 1.0647628800943494]
