Test Acc:0.9607151
Test Loss:0.5593428371557548
Confusion Matrix
ENTRIES['apple', 'lemon', 'orange', 'pear']
array([[2464,   13,    0,    6],
       [   0,  396,    0,    0],
       [   0,    0,  192,    0],
       [ 144,    4,    0, 1032]], dtype=int64)
Classification Report
'              precision    recall  f1-score   support\n\n       apple       0.94      0.99      0.97      2483\n       lemon       0.96      1.00      0.98       396\n      orange       1.00      1.00      1.00       192\n        pear       0.99      0.87      0.93      1180\n\n    accuracy                           0.96      4251\n   macro avg       0.97      0.97      0.97      4251\nweighted avg       0.96      0.96      0.96      4251\n'
Training Acc:[0.53181195, 0.531936, 0.5314399, 0.5887387, 0.5933275, 0.5933275, 0.5933275, 0.57956094, 0.840506, 0.9835049, 0.98437303, 0.9898301, 0.98871386, 0.9902021, 0.98920995, 0.98920995, 0.9925586, 0.98809373, 0.98958206, 0.9883418, 0.99268264, 0.98809373, 0.9925586, 0.99218655, 0.99181443, 0.9883418, 0.9883418, 0.9909463, 0.99057424, 0.9915664]
Training Loss:[1727.9465313712376, 1496.8140758773195, 1265.6619669873912, 1033.5780746306673, 802.3548094219448, 571.1668235705949, 340.0198668127806, 109.26314483267873, 2.141855387242367, 0.5112190865840507, 0.5008821624702989, 0.4474725739825501, 0.43905199169151604, 0.4337489499054312, 0.4342721563687798, 0.4305641336201823, 0.42019007020562604, 0.4369708861382712, 0.43136222990795475, 0.4308061901561738, 0.40592687286027207, 0.40609811253972283, 0.4061869484503305, 0.4141870150491586, 0.405163814996233, 0.4312537267414199, 0.43635500814295813, 0.411054781186112, 0.40140838855093236, 0.40163770591179226]
Validation Acc:[0.5938431, 0.5938431, 0.5938431, 0.5938431, 0.5938431, 0.5938431, 0.5938431, 0.5938431, 0.7855015, 0.5387289, 0.76613706, 0.6698113, 0.7725918, 0.7457795, 0.76017874, 0.7840119, 0.71300894, 0.85998017, 0.8386296, 0.8714002, 0.79096323, 0.846574, 0.7711023, 0.8654419, 0.8500497, 0.8684211, 0.7144985, 0.8753724, 0.8753724, 0.888282]
Validation Loss:[1610.474765777588, 1379.3194694519043, 1148.1976585388184, 917.0117073059082, 685.8164806365967, 454.6473512649536, 223.52908992767334, 11.057514309883118, 1.0280616097152233, 1.4138787388801575, 1.0132353324443102, 1.230985276401043, 1.0414902046322823, 1.0601762719452381, 1.0402964912354946, 1.066013278439641, 1.1925917081534863, 0.907481336966157, 1.048623714596033, 1.0072337556630373, 1.0539889931678772, 0.9313906021416187, 1.111330933868885, 0.9504817817360163, 1.126489318907261, 0.9108290560543537, 1.4276925921440125, 0.8741366788744926, 0.8912718817591667, 0.9956395030021667]
