Test Acc:0.95671606
Test Loss:0.5312670869613761
Confusion Matrix
ENTRIES['apple', 'lemon', 'orange', 'pear']
array([[2422,   52,    0,    9],
       [   0,  396,    0,    0],
       [   0,    0,  192,    0],
       [ 105,   18,    0, 1057]], dtype=int64)
Classification Report
'              precision    recall  f1-score   support\n\n       apple       0.96      0.98      0.97      2483\n       lemon       0.85      1.00      0.92       396\n      orange       1.00      1.00      1.00       192\n        pear       0.99      0.90      0.94      1180\n\n    accuracy                           0.96      4251\n   macro avg       0.95      0.97      0.96      4251\nweighted avg       0.96      0.96      0.96      4251\n'
Training Acc:[0.9632891, 0.98586136, 0.9904502, 0.9920625, 0.99057424, 0.989458, 0.98958206, 0.9867295, 0.989458, 0.9883418, 0.98871386, 0.9904502, 0.99169046, 0.98896194, 0.99082226, 0.9888379, 0.9885899, 0.9902021, 0.9867295, 0.9925586, 0.99243456, 0.98809373, 0.99119437, 0.99131835, 0.9931787, 0.9864815, 0.99169046, 0.9864815, 0.9931787, 0.99032617]
Training Loss:[15.422171083289696, 0.8188763880765159, 0.47176252396248947, 0.41623372186225266, 0.41432023454241756, 0.41054904904818545, 0.3984681643350654, 0.41789088580532374, 0.38024206330340654, 0.4142008608503494, 0.3870793058146884, 0.38536651048295983, 0.37100417018454174, 0.3940808641160967, 0.3771342032935651, 0.37999066165285134, 0.39822297559827696, 0.3978182451572428, 0.4005716526299867, 0.38800697632408404, 0.3635466949942389, 0.3950727353184125, 0.37567897639410025, 0.37598270577028936, 0.36545460339546443, 0.41837534791524633, 0.37650540005357924, 0.40800620743555066, 0.37809774318404343, 0.3812975645154016]
Validation Acc:[0.6047666, 0.56057596, 0.55263156, 0.59880835, 0.5655412, 0.4101291, 0.7274082, 0.54319763, 0.49255213, 0.6285998, 0.5506455, 0.71350545, 0.5273088, 0.73783517, 0.7070506, 0.57050645, 0.7437934, 0.58887786, 0.76762664, 0.79096323, 0.76911616, 0.76613706, 0.9046673, 0.8103277, 0.7552135, 0.88182724, 0.8500497, 0.8008937, 0.8187686, 0.8321748]
Validation Loss:[2.557768739759922, 1.59005531296134, 1.4631388112902641, 1.2106055356562138, 1.5987474247813225, 2.2324018627405167, 1.1440025381743908, 1.7954220063984394, 2.0540702305734158, 1.5535100847482681, 1.665176548063755, 1.2016523517668247, 1.862144023180008, 1.1898715682327747, 1.408446153625846, 2.0655683800578117, 1.399496540427208, 1.7775194868445396, 1.1434962935745716, 1.2424125373363495, 1.14751311019063, 1.2646450065076351, 0.8709649257361889, 1.2263198997825384, 1.3337262012064457, 1.3031789623200893, 1.0598447937518358, 1.278568698093295, 1.0693177729845047, 1.1384157445281744]
