Test Acc:0.9607151
Test Loss:0.5043494959375752
Confusion Matrix
ENTRIES['apple', 'lemon', 'orange', 'pear']
array([[2415,   42,    0,   26],
       [   0,  396,    0,    0],
       [   0,    0,  192,    0],
       [  99,    0,    0, 1081]], dtype=int64)
Classification Report
'              precision    recall  f1-score   support\n\n       apple       0.96      0.97      0.97      2483\n       lemon       0.90      1.00      0.95       396\n      orange       1.00      1.00      1.00       192\n        pear       0.98      0.92      0.95      1180\n\n    accuracy                           0.96      4251\n   macro avg       0.96      0.97      0.97      4251\nweighted avg       0.96      0.96      0.96      4251\n'
Training Acc:[0.96725786, 0.98524123, 0.9915664, 0.9898301, 0.9909463, 0.9827608, 0.9930547, 0.99293065, 0.9904502, 0.99119437, 0.9936748, 0.99293065, 0.9873496, 0.99107033, 0.99119437, 0.9923106, 0.9919385, 0.99082226, 0.98685354, 0.99330276, 0.9936748, 0.989334, 0.9915664, 0.99131835, 0.98846585, 0.9931787, 0.9872256, 0.99330276, 0.99057424, 0.99404687]
Training Loss:[15.228441974919502, 0.8474856376145269, 0.4815652066811459, 0.4388120745394287, 0.41966453027181144, 0.4387143399466153, 0.4122260065716253, 0.3788542940955769, 0.39390424158944837, 0.384400036148556, 0.38565806230791416, 0.36967912664133135, 0.41926048889536277, 0.3978770447659992, 0.39311052069879265, 0.3779246074810641, 0.3948602621392401, 0.3855358181898076, 0.4115286345009057, 0.38316137127880423, 0.36404282878841787, 0.3991453603924644, 0.3942233139463531, 0.37994552052643465, 0.4211791362971507, 0.37678506925681765, 0.4100356731190954, 0.3948941206009501, 0.3906934650788809, 0.36970224656819795]
Validation Acc:[0.59930485, 0.73336643, 0.48311818, 0.4572989, 0.38927507, 0.7274082, 0.6300894, 0.7487587, 0.714995, 0.45630586, 0.67676264, 0.57249254, 0.6688183, 0.7358491, 0.75769615, 0.7368421, 0.74925524, 0.7437934, 0.76861966, 0.7725918, 0.8242304, 0.6593843, 0.78897715, 0.7303873, 0.78897715, 0.85203576, 0.79940414, 0.87487584, 0.8972195, 0.82472694]
Validation Loss:[2.455163389444351, 1.2174184285104275, 1.7165897488594055, 1.6922403499484062, 2.287246521562338, 1.110162928700447, 1.3356265723705292, 1.0029493104666471, 1.1296760868281126, 2.0952858924865723, 1.3790627531707287, 1.6839146949350834, 1.3895893059670925, 1.2663379739969969, 1.1612688060849905, 1.2333589643239975, 1.2167878076434135, 1.2446480877697468, 1.4310786053538322, 1.2707121782004833, 1.039496237412095, 1.6401715781539679, 1.2040115855634212, 1.3642119616270065, 1.321135314181447, 1.2147987931966782, 1.2806726675480604, 1.1415189113467932, 1.0070575214922428, 1.1458563562482595]
