Test Acc:0.58409786
Test Loss:1.033385673565651
Confusion Matrix
ENTRIES['apple', 'lemon', 'orange', 'pear']
array([[2483,    0,    0,    0],
       [ 396,    0,    0,    0],
       [ 192,    0,    0,    0],
       [1180,    0,    0,    0]], dtype=int64)
Classification Report
'              precision    recall  f1-score   support\n\n       apple       0.58      1.00      0.74      2483\n       lemon       0.00      0.00      0.00       396\n      orange       0.00      0.00      0.00       192\n        pear       0.00      0.00      0.00      1180\n\n    accuracy                           0.58      4251\n   macro avg       0.15      0.25      0.18      4251\nweighted avg       0.34      0.58      0.43      4251\n'
Training Acc:[0.5933275, 0.5933275, 0.5933275, 0.5933275, 0.5933275, 0.5933275, 0.5933275, 0.5933275, 0.5933275, 0.5933275, 0.5933275, 0.5933275, 0.5933275, 0.5933275, 0.5933275, 0.5933275, 0.5933275, 0.5933275, 0.5933275, 0.5933275, 0.5933275, 0.5933275, 0.5933275, 0.5933275, 0.5933275, 0.5933275, 0.5933275, 0.5933275, 0.5933275, 0.5933275]
Training Loss:[1.345328367127536, 1.2722224945704457, 1.213299420384664, 1.1666471388652546, 1.1302978233118353, 1.1023821962333622, 1.0813412632463766, 1.0655524184977936, 1.0538505270391514, 1.0452131416755353, 1.038850989853879, 1.0341813011351582, 1.03068161928874, 1.0280905208856137, 1.0261370373115222, 1.0246905522060856, 1.02356972659505, 1.0227208390183267, 1.0220995858306108, 1.0215950373324096, 1.0212266518640027, 1.0209122804529123, 1.0206876536035425, 1.020563421785484, 1.0203834473901952, 1.0202858685914893, 1.0201937544956465, 1.0201664240029378, 1.0201186195180387, 1.020086855934495]
Validation Acc:[0.5938431, 0.5938431, 0.5938431, 0.5938431, 0.5938431, 0.5938431, 0.5938431, 0.5938431, 0.5938431, 0.5938431, 0.5938431, 0.5938431, 0.5938431, 0.5938431, 0.5938431, 0.5938431, 0.5938431, 0.5938431, 0.5938431, 0.5938431, 0.5938431, 0.5938431, 0.5938431, 0.5938431, 0.5938431, 0.5938431, 0.5938431, 0.5938431, 0.5938431, 0.5938431]
Validation Loss:[1.3060948811471462, 1.2400251887738705, 1.1876058019697666, 1.1459803394973278, 1.1144926957786083, 1.0918974950909615, 1.0736479312181473, 1.0579180680215359, 1.0474993139505386, 1.0399472154676914, 1.0343837942928076, 1.030307212844491, 1.0288754347711802, 1.0264034233987331, 1.0204129982739687, 1.0190230440348387, 1.020252764225006, 1.0230309441685677, 1.021102475002408, 1.0215833634138107, 1.020458985120058, 1.020209750160575, 1.0180487055331469, 1.0216331090778112, 1.0207261592149734, 1.016896914690733, 1.019860478118062, 1.0198146402835846, 1.017337840050459, 1.0172940772026777]
